33.8
32.5
25.5
32.6
34.9
36.9
51.1
48.3
30.3
25.2
39.8
40.1
23.9
37.3
41.6
36.5
17.9
32.9
28.9
34.6
47.3
27.1
27.2
44.4
30.5
31.1
46.7
28.4
26.3
28.7
40.8
39.2
45.5
41.7
30.6
37.7
44.2
37.8
45.1
44.9
24.7
32.3
28.3
32.8
38.9
30
24.8
32.3
43.6
27.3
37.8
43.5
26.1
25.3
18.8
39.3
48.7
34.2
40.4
57.3
29.6
30.1
40.4
28.7
39.1
36.2
45.5
44.9
43.9
32.2
28.4
37.9
41.8
54.3
27.4
58.3
37.6
48.9
41.3
40.6
36.9
41.6
27.5
50.9
40.6
24.4
56.1
31.2
38.7
31.4
40.2
21.4
36.3
35.2
41.2
37.1
21.5
29.5
47.4
33.1
28.5
25.4
37.1
37.5
49.5
28.4
34.3
41.1
51.6
34.4
30.2
23.7
45.7
35.8
39.1
43.6
15.7
24.1
52.4
32
28.9
47.3
44.3
27.7
34.6
37.7
40.1
33.1
45.1
22.9
53
43.9
22.2
30.1
37.4
20.6
30.7
37.1
36.5
49.3
30.5
27.2
41.5
28.7
34.8
28.8
20.6
35.5
31.4
41.5
52.2
20.1
31.5
42
24.3
32.5
27.6
44.1
32.9
39.6
32.1
39.7
38.7
51.1
29.2
44.1
28.7
33.6
58.5
34.2
33.6
39
31.5
40.3
25.4
40.3
34.6
14.9
33.4
40.8
53
31.1
44.3
40.9
39.8
32.3
34.3
30.6
18.6
29.2
43.8
35.1
14.4
28
34.7
40
47.7
32.1
50.4
42.5
27.8
27.3
31.6
49.5
39.8
34.4
19.7
34.4
28.5
30.5
43.5
18.9
43
25.3
39.9
37
23.2
29.2
29.8
44.5
35.4
40.7
53.2
23.2
48.3
31.8
41.4
28.4
50
37.4
27.4
36.8
19.1
33.1
35.5
38.5
33.6
37.1
44.5
22.7
25.4
32
34.7
41.1
18.2
41.3
45
33.2
42.1
43.7
54.3
42.6
43.5
56.9
38.4
34.9
27.6
27.1
42.3
40.2
28.9
17.4
24.6
30.5
51.4
35.8
36.7
37.3
34.4
22.1
5.3
34.5
17.6
31.9
43.3
33.2
29
49.1
24
33.3
28
35.4
39.2
43.5
38.4
10.6
55.3
44.3
26.7
34.3
34
20.1
30.5
18.5
17.7
53.2
53.4
57.8
38.8
42.5
41.6
34.2
28.3
40.4
25.6
44.9
46.4
28.2
31.6
35.5
45.7
44.3
35.4
57
26.1
27.4
43.5
41.7
34.5
40.2
38.8
30.6
54
40.6
56.9
36.9
36.2
40.2
36.5
39.9
30
37.8
44.6
23.5
36.1
8.6
25.1
50.1
27.4
40.4
38.2
21.8
37.7
57.3
49.6
38.6
41.7
33.1
38.8
35
33.2
29.4
26.1
32.4
46.6
44.2
48.3
38.9
24.3
45
48.9
29.6
20.7
28.2
27.3
24.2
38.7
29.3
8.5
43
38.8
32.4
47.2
33.1
35
43.5
60.2
29.7
43
9.1
47.2
27.4
20.6
39.9
38.4
21.7
32.3
41.3
46.3
26.3
59.3
43.7
41.4
41.1
31.4
36.4
31.6
21.8
30.2
33.1
29.7
49.9
32.5
30.7
37.3
38.1
32.8
24.4
28.7
21.9
16.9
37.1
31.3
13.6
37.8
19.9
36.4
42.8
38.4
42.8
34.9
25.1
29.4
34.6
35.6
58.5
17.5
36.6
35.6
39.1
46
34.8
37.6
51.4
14.6
23.9
41.7
41.9
21
45.3
41.8
36.7
38
27.3
51.4
40.7
26.8
39
38.9
14.2
49
26.8
48.4
55.9
40.1
34.5
31.9
48.1
41
31
48.2
49.2
42.5
30.3
34.3
37.8
23.5
13.8
38.2
38.5
25.6
42
39.7
32.1
44.9
31
32.8
25.9
23.4
48.2
24.7
44.6
35.9
29.2
38.3
25.7
24.2
30
22.9
35
25.5
42.4
30.9
12.4
33
45.2
35.3
44.7
24.8
14.2
39.9
48.7
36.2
13.2
51
49.6
42.9
36.8
27.2
31.4
31.6
28.5
33.4
18.9
38.9
48.8
43.3
29.1
44.7
34.2
32.1
28.6
29.6
48.2
29.2
41.2
9.4
34
37.5
13.9
51.7
18.4
30.8
28.5
47.2
20.8
51.7
47.6
49.2
28.2
19
25.4
55.5
33.3
36.2
24.7
37.7
11.6
39.3
32.8
43.2
29.9
22.1
33.6
52
43.7
24.5
38.4
47.9
13.1
46.6
32.3
24.5
40.4
47.6
42.7
43.9
19.7
10.5
32.2
37.5
16.2
10.2
25.7
33.7
41.2
38.9
39.1
37.9
27.1
41.1
36.2
44.5
36.6
17.9
16.9
40.6
43.4
22.9
31.3
27.8
50.2
38.2
36.9
45.5
13.4
20.2
7.3
46.7
31.8
19.8
28.5
31.1
37.1
39.6
27.1
44.2
22.4
35.1
39.7
44.6
29.1
15.7
40.6
15.7
31.9
27.3
40.2
43.6
41.6
30.5
19.5
21.1
38.1
28.5
52.5
51.8
25.6
22.6
2.3
42.8
19.4
27.9
33.8
21.6
30.1
43.8
12.3
41.1
22.3
48.6
28.3
29.6
33.9
34.9
36.4
35.1
44.4
33.2
14.7
49.1
50
21.8
40
24.9
47.4
35.5
32.7
39
28.5
22.7
35.1
35
31.9
26.8
50.7
40.9
35.2
36.3
14.6
35.6
57.9
47.6
36
50.4
34.4
31.7
27
6.7
40.4
47.1
12.3
44
37.4
49
51.3
25.7
31.2
50.2
34.7
37.5
25.5
38.6
34.4
24.2
22.2
34.4
41
38
46.1
32.5
41.5
18.2
42.9
29.8
43.6
25.8
19.8
22.7
22.2
56.7
40.5
34.5
39.5
30.7
34.1
18.1
38.8
27.8
51.9
38.8
25.4
28.4
18.2
28
39.7
31.5
24
32.7
40
39.9
30.4
46.4
37.6
43
45.1
20.6
36.2
19.5
27.7
42.1
28.8
36.9
28.8
38.2
28.4
53.3
44.1
37.4
39.6
33.3
26.5
19.8
26.4
35.4
57.4
50.7
39.8
24
41.8
39.5
30.3
16
50.8
28.4
20.8
30.2
41.5
22
37.3
30.5
37.9
37.9
18.8
43.4
38.2
34.4
24.7
20.1
33.6
36.7
33.6
37.8
45.2
35.8
16.6
30.6
45.4
22.4
40.3
54.7
53.2
30.5
15.9
35.2
9.8
30.1
25.6
34.2
27
39.2
57.9
40.3
24.9
36.6
36.4
43.9
45.2
40.1
28
42.7
24.4
22.9
24.5
20.2
35.6
44.3
21.1
21.5
39
36.8
47.9
33.9
25.7
31.4
58.4
26.3
26.1
43.6
47.6
32.4
27.2
28.2
31.6
51.1
51.3
48.6
22.1
38.1
44
32.4
29.3
44.4
21.6
35.3
30
46.8
40.1
36.4
17.8
46.7
39.6
32.2
18.1
35.9
39.2
29.3
27.2
29.5
11.7
47.8
38.3
41
35.5
25.8
23
30.2
9.8
26.8
28.2
41.2
31.3
36.5
24.3
29.6
43.1
32.2
27.2
27.8
26.7
33
45.1
16.1
59.9
41.8
29.3
38.3
37.1
45.7
9.3
38.8
32.8
43.5
22.6
42.9
44.3
30.6
16.1
46
27.3
19.4
31.2
48
28.7
20.7
44
23.2
41.6
22.4
12.3
27.6
26.7
41.3
38
53.4
31.4
41
29.8
13.4
24.6
19.9
42.4
22.3
40.9
24.6
55.3
55.2
35.3
17.7
38.2
40.3
35.5
29.6
20.8
32.2
31.8
23.9
47.4
20.2
55
37.8
43.6
41
49.7
30.9
38.7
48.2
20.3
43.5
24.7
40.5
33.5
42.3
44.9
32.9
38.1
55
26.6
33.2
40.9
49.1
33.8
46
40.8
15.3
38.3
30.6
33.5
38.1
27.6
35.7
27.8
26.5
30.6
45.3
38.5
31.8
25.4
43.4
38.7
36.4
37
25
41.4
34.4
18.2
29.9
36.9
33.6
47.7
28.1
18.4
20.6
48.3
31.1
33.6
54.4
34.4
35.7
44.1